      0.0000000       0.0000000       0.0000000
      0.2000000       0.0000000       0.0000000
      0.4000000       0.0000000       0.0000000
      0.6000000       0.0000000       0.0000000
      0.8000000       0.0000000       0.0000000
      1.0000000       0.0000000       0.0000000
      1.2000000       0.0000000       0.0000000
      1.4000000       0.0000000       0.0000000
      1.6000000       0.0000000       0.0000000
      1.8000000       0.0000000       0.0000000
      2.0000000       0.0000000       0.0000000
      2.2000000       0.0000000       0.0000000
      2.4000000       0.0000000       0.0000000
      2.6000000       0.0000000       0.0000000
      2.8000000       0.0000000       0.0000000
      3.0000000       0.0000000       0.0000000
      3.2000000       0.0000000       0.0000000
      3.4000000       0.0000000       0.0000000
      3.6000000       0.0000000       0.0000000
      3.8000000       0.0000000       0.0000000
      4.0000000       0.0000000       0.0000000
      4.2000000       0.0016807       0.0000000
      4.4000000       0.0537815       0.0165877
      4.6000000       0.2957983       0.0817536
      4.8000000       0.6907563       0.2203791
      5.0000000       0.8151261       0.2985782
      5.2000000       0.5394958       0.2251185
      5.4000000       0.2302521       0.1125592
      5.6000000       0.0890756       0.0722749
      5.8000000       0.0184874       0.0308057
      6.0000000       0.0168067       0.0118483
      6.2000000       0.0050420       0.0094787
      6.4000000       0.0033613       0.0118483
      6.6000000       0.0117647       0.0082938
      6.8000000       0.0084034       0.0106635
      7.0000000       0.0117647       0.0177725
      7.2000000       0.0168067       0.0556872
      7.4000000       0.0857143       0.1350711
      7.6000000       0.1344538       0.2819905
      7.8000000       0.2369748       0.4810427
      8.0000000       0.3512605       0.6172986
      8.2000000       0.3815126       0.6646919
      8.4000000       0.3478992       0.6528436
      8.6000000       0.2537815       0.4763033
      8.8000000       0.1781513       0.2725118
      9.0000000       0.1226891       0.1327014
      9.2000000       0.0605042       0.0580569
      9.4000000       0.0268908       0.0284360
      9.6000000       0.0084034       0.0082938
      9.8000000       0.0033613       0.0047393
     10.0000000       0.0000000       0.0011848
     10.2000000       0.0000000       0.0011848
     10.4000000       0.0000000       0.0000000
     10.6000000       0.0000000       0.0000000
     10.8000000       0.0000000       0.0000000
     11.0000000       0.0000000       0.0000000
     11.2000000       0.0000000       0.0000000
     11.4000000       0.0000000       0.0000000
     11.6000000       0.0000000       0.0000000
     11.8000000       0.0000000       0.0000000
     12.0000000       0.0000000       0.0000000
     12.2000000       0.0000000       0.0000000
     12.4000000       0.0000000       0.0000000
     12.6000000       0.0000000       0.0000000
     12.8000000       0.0000000       0.0000000
     13.0000000       0.0000000       0.0000000
     13.2000000       0.0000000       0.0000000
     13.4000000       0.0000000       0.0000000
     13.6000000       0.0000000       0.0000000
     13.8000000       0.0000000       0.0000000
     14.0000000       0.0000000       0.0000000
     14.2000000       0.0000000       0.0000000
     14.4000000       0.0000000       0.0000000
     14.6000000       0.0000000       0.0000000
     14.8000000       0.0000000       0.0000000
     15.0000000       0.0000000       0.0000000
     15.2000000       0.0000000       0.0000000
     15.4000000       0.0000000       0.0000000
     15.6000000       0.0000000       0.0000000
     15.8000000       0.0000000       0.0000000
     16.0000000       0.0000000       0.0000000
