# Gly82-Tyr86 distance distribution g(d) [-]
# column-1 : distance [A]
# column-2 : g(d) for dilute  solution 
# column-3 : g(d) for Src2BSA solution
# column-4 : g(d) for Src4BSA solution
# column-5 : g(d) for Src8BSA solution
#
      0.0000000       0.0000000       0.0000000       0.0000000       0.0000000
      0.2000000       0.0000000       0.0000000       0.0000000       0.0000000
      0.4000000       0.0000000       0.0000000       0.0000000       0.0000000
      0.6000000       0.0000000       0.0000000       0.0000000       0.0000000
      0.8000000       0.0000000       0.0000000       0.0000000       0.0000000
      1.0000000       0.0000000       0.0000000       0.0000000       0.0000000
      1.2000000       0.0000000       0.0000000       0.0000000       0.0000000
      1.4000000       0.0000000       0.0000000       0.0000000       0.0000000
      1.6000000       0.0000000       0.0000000       0.0000000       0.0000000
      1.8000000       0.0000000       0.0000000       0.0000000       0.0000000
      2.0000000       0.0000000       0.0000000       0.0000000       0.0000000
      2.2000000       0.0000000       0.0000000       0.0000000       0.0000000
      2.4000000       0.0000000       0.0000000       0.0000000       0.0000000
      2.6000000       0.0000000       0.0000000       0.0000000       0.0000000
      2.8000000       0.0000000       0.0000000       0.0000000       0.0000000
      3.0000000       0.0000000       0.0000000       0.0000000       0.0000000
      3.2000000       0.0000000       0.0000000       0.0000000       0.0000000
      3.4000000       0.0000000       0.0000000       0.0000000       0.0000000
      3.6000000       0.0000000       0.0000000       0.0000000       0.0000000
      3.8000000       0.0000000       0.0000000       0.0000000       0.0000000
      4.0000000       0.0005873       0.0000560       0.0000000       0.0000000
      4.2000000       0.0068515       0.0005600       0.0001389       0.0003062
      4.4000000       0.1004230       0.0135509       0.0074996       0.0023886
      4.6000000       0.4613970       0.1131110       0.0597189       0.0194147
      4.8000000       0.9272960       0.4098870       0.2376260       0.0859271
      5.0000000       0.9513740       0.6946790       0.4669190       0.1876550
      5.2000000       0.6362070       0.6441150       0.5019170       0.2395300
      5.4000000       0.3359170       0.4110620       0.3797010       0.1911460
      5.6000000       0.1599330       0.2059510       0.2113770       0.1197960
      5.8000000       0.0747788       0.0983280       0.1086050       0.0668186
      6.0000000       0.0340615       0.0555475       0.0619410       0.0365022
      6.2000000       0.0272101       0.0344372       0.0361091       0.0218646
      6.4000000       0.0160520       0.0290616       0.0223599       0.0184348
      6.6000000       0.0111581       0.0326453       0.0165269       0.0140864
      6.8000000       0.0119411       0.0475401       0.0194434       0.0162300
      7.0000000       0.0160520       0.0721781       0.0162491       0.0195372
      7.2000000       0.0291676       0.1110950       0.0249986       0.0325825
      7.4000000       0.0565735       0.1686020       0.0466641       0.0636950
      7.6000000       0.0933756       0.2200620       0.1002720       0.1319220
      7.8000000       0.1346800       0.2590350       0.1809620       0.2398980
      8.0000000       0.1648270       0.2583630       0.2781790       0.3658790
      8.2000000       0.1902750       0.2456520       0.3533140       0.4785700
      8.4000000       0.1867510       0.2255500       0.3891450       0.5547590
      8.6000000       0.1421190       0.2049430       0.3752570       0.5578220
      8.8000000       0.1012060       0.1656900       0.3294260       0.4881860
      9.0000000       0.0585310       0.1160230       0.2456810       0.3698600
      9.2000000       0.0270143       0.0731300       0.1536030       0.2370190
      9.4000000       0.0152690       0.0398128       0.0945781       0.1294720
      9.6000000       0.0070472       0.0182545       0.0565246       0.0742292
      9.8000000       0.0035236       0.0099112       0.0395811       0.0404831
     10.0000000       0.0035236       0.0061035       0.0354147       0.0295815
     10.2000000       0.0037194       0.0049836       0.0311094       0.0301939
     10.4000000       0.0045024       0.0038637       0.0343036       0.0417693
     10.6000000       0.0031321       0.0030797       0.0319427       0.0418917
     10.8000000       0.0015660       0.0015119       0.0249986       0.0295202
     11.0000000       0.0011745       0.0007839       0.0137492       0.0135352
     11.2000000       0.0005873       0.0006159       0.0065274       0.0054508
     11.4000000       0.0001958       0.0002240       0.0031943       0.0022048
     11.6000000       0.0000000       0.0000000       0.0012499       0.0009187
     11.8000000       0.0000000       0.0000000       0.0009722       0.0002450
     12.0000000       0.0000000       0.0000000       0.0009722       0.0003675
     12.2000000       0.0000000       0.0000000       0.0004166       0.0000612
     12.4000000       0.0000000       0.0000000       0.0005555       0.0000612
     12.6000000       0.0000000       0.0000000       0.0001389       0.0000000
     12.8000000       0.0000000       0.0000000       0.0000000       0.0000612
     13.0000000       0.0000000       0.0000000       0.0000000       0.0000000
     13.2000000       0.0000000       0.0000000       0.0000000       0.0001225
     13.4000000       0.0000000       0.0000000       0.0001389       0.0000000
     13.6000000       0.0000000       0.0000000       0.0000000       0.0000000
     13.8000000       0.0000000       0.0000000       0.0000000       0.0000000
     14.0000000       0.0000000       0.0000000       0.0000000       0.0000000
     14.2000000       0.0000000       0.0000000       0.0000000       0.0000000
     14.4000000       0.0000000       0.0000000       0.0000000       0.0000000
     14.6000000       0.0000000       0.0000000       0.0000000       0.0000000
     14.8000000       0.0000000       0.0000000       0.0000000       0.0000000
     15.0000000       0.0000000       0.0000000       0.0000000       0.0000000
     15.2000000       0.0000000       0.0000000       0.0000000       0.0000000
     15.4000000       0.0000000       0.0000000       0.0000000       0.0000000
     15.6000000       0.0000000       0.0000000       0.0000000       0.0000000
     15.8000000       0.0000000       0.0000000       0.0000000       0.0000000
     16.0000000       0.0000000       0.0000000       0.0000000       0.0000000
     16.0000000       0.0000000       0.0000000       0.0000000       0.0000000
