      8.9710990     118.7430220
      9.3850800     120.6967140
      8.8874860     123.9587440
      9.8139490     117.1502450
      9.9214600     120.4943730
     10.2301660     123.3262630
      9.8717330     126.2574710
     10.0929900     121.1381730
     10.2232590     120.0756640
     10.2538140     129.2032040
      9.5628550     124.1581440
      7.3623630     114.7840940
      7.6276420     116.3450070
      7.4112030     114.5518680
      7.9068500     112.3509480
      7.5705810     122.4252870
      8.1332590     115.7591340
      7.3252200     106.7049680
      7.4989660     115.8507710
      7.2686280     112.7781140
      7.4233330     114.5338160
      8.7935580     124.7561760
      9.4575810     118.8954220
     10.1813770     115.2649460
      9.9480220     111.8934490
      8.7646440     118.7036280
      8.1353370     108.3736710
      6.3938000      95.8191490
      7.9367620     110.9838920
      7.1458360     100.5723340
      7.1394150      98.4489590
      7.2081150     102.8987600
      7.0813900      97.8921290
      7.7243140     106.9893320
      7.6311770     111.6256020
      7.0059500     103.4554200
      7.4390520     102.8149510
      7.4257870     105.8535460
      7.3589580     107.6523460
      7.0958640     106.6298820
      7.1448220     102.4838660
      7.4070160     103.7113380
      7.4174210     107.7481970
      7.3299230     112.5490400
      7.3281490     104.4518690
      7.1691570     101.1820970
      7.2077720     105.4370160
      7.4131080     104.6829800
      7.0759740     102.2452690
      5.4057840     104.5579740
      7.4308490      96.9390020
      7.5191090     107.4058700
      7.0931570     109.4547290
      7.1374350     101.3670140
      8.9796470      97.2977700
      7.1572760     100.4628490
      7.8743400     113.8062670
      7.5611140     103.7025680
      6.9491520      97.8963070
      7.2379010     107.5784710
      7.1645190     106.9411480
      7.1146340     107.3845810
      7.0643840      98.9996490
      7.0815950     106.1403470
      7.2563910     101.7857960
      8.0433000     108.4589830
      7.3819190     110.7337880
      6.9809240     104.6761890
      7.3697370     104.9091710
      6.7389190     103.4790620
      7.4222760     102.8338500
      7.6396930     104.3433060
      7.3363850     109.2582600
      7.0950990     105.1613130
      7.3064690     107.5751680
      6.9664130      98.5945980
      5.4274010     105.1674200
      4.8885310      90.0670700
      4.3075620      76.2618840
      3.5549170      74.5897030
      3.8644770      73.7011920
      3.6285780      74.0511380
      3.5563690      72.9622000
      3.8342450      70.4180430
      4.0245220      68.6561850
      3.6865490      70.9801640
      3.4856320      74.0747790
      3.1635070      76.9109090
      3.3761530      75.5820110
      3.2324420      72.0630240
      2.8425860      73.0160780
      3.4291760      71.7054940
      3.2347980      71.0859540
      3.5477410      72.0957730
      3.5397090      70.2464490
      3.6149470      67.1265780
      3.4797560      75.4872450
      3.7089230      74.7249300
      3.6089040      68.1226220
      3.5353950      69.5900210
      3.3819650      76.1901820
      3.1844180      75.6726080
      4.0027680      65.4740130
      3.4355940      71.8927020
      3.5880620      74.3620220
      3.8251230      72.3754950
      3.5682650      77.2990400
      3.7903040      73.5732280
      3.6473180      68.2826470
      3.3624630      72.1290130
      3.4176390      75.1546250
      3.6119990      67.7756280
      3.6539480      75.6799310
      3.7746210      71.7382680
      3.6063980      76.3789390
