     10.1987890     116.7572350
      9.3650170     117.2225810
      9.0282210     115.3490420
      9.8693420     115.7856390
      9.0391470     114.6029410
      9.8181990     119.8366350
     10.5459220     124.6265800
     10.0867970     119.7559200
      9.6241090     113.1176790
      9.9599690     124.6507090
      9.8374520     114.5468250
      9.9443550     115.8416330
      9.8235000     128.6080240
     10.2674510     118.6334970
     10.2327720     125.1012350
     10.3561440     127.8801510
      9.9239720     119.2884180
     10.4650100     116.2300400
      9.4357240     118.4093550
     11.8309220     120.1211810
     12.4806260     117.9666180
     11.4185540     110.0328620
     14.0673110     144.1913460
     13.9999890     128.1952210
     12.6620480     132.7350970
     12.4527170     117.5586560
     10.2203930     119.5908030
     10.4285320     125.5617600
      9.8999090     126.4903620
     10.5149560     118.9057610
     10.0479870     118.7076570
      9.1662180     104.5983100
      9.3504170     114.7092660
      7.2324970     103.7720570
      7.6817750     108.6571680
      7.5643750      90.6461150
      8.2418410     107.8315370
      7.5840180     109.7374710
      7.3074010     106.2469620
      7.3870480      99.3431080
      6.7710230     109.3893830
      7.1632320     112.8443910
      5.7333010      94.4638150
      6.9188060      97.1340600
      7.6683690     101.3453260
      8.5613460     103.8256490
      7.4192660     103.4145560
      6.6537800      98.8901030
      6.8808360     104.3296500
      8.4196720     107.8606880
      7.2234320     103.4843470
      7.4687100     105.4659930
      8.1254390     109.1234540
      6.7537590     105.7802160
      7.3317480     108.9298890
      7.5369880     111.6140640
      9.5139240     114.3486430
      9.3763330     120.5147620
      6.8754960     102.2616970
      6.7958500     104.0369090
      6.4702880     102.2323480
      6.1447870     105.3340830
      7.1826780     109.7074640
      6.7816270     107.9326940
      5.9086080      95.4743020
      6.9150190     102.0193600
      7.5340030     117.2798790
      7.5789250     113.2969130
      7.2669300     112.9218330
      6.9524320     100.2951380
      6.8389710     107.7774670
      7.2746120     105.2439070
      6.6910590     104.7235740
      7.5780870     108.8952630
      6.1408910      96.0017780
      5.8851770      96.8313020
      6.4213320      80.6487160
      6.3517580      78.3120960
      6.2398570      79.0631930
      5.8982540      79.2989210
      6.2771920      75.3239120
      6.3012820      75.9244040
      6.3358830      80.8597840
      5.0282500      85.3166220
      5.6208240      77.4378970
      5.1899250      77.1724650
      5.1257570      78.4355440
      5.8673170      74.4634780
      6.0379520      77.9150120
      7.2863380      66.5602890
      5.7635680      71.6453710
      5.4824280      78.6851490
      5.5762660      66.2853790
      4.8270430      63.8036590
      5.5181430      62.6837560
      7.2188120      62.7674810
      7.8182450      63.3105600
      7.4995200      72.9330810
      7.5115240      65.0668420
      6.3623270      67.1398620
      5.3305110      74.7155170
      5.0118000      75.7859780
      3.2617710      70.6479850
      4.2309290      67.6115460
      3.5271030      72.5627540
      3.7726710      65.9418510
      3.9873970      61.5738200
      3.2492570      69.4143400
      3.4994270      71.3567920
      4.1096100      73.7794530
      3.8169250      70.1816460
      4.0341920      71.9851540
      3.9173310      68.7762850
      3.6127120      71.8852040
      2.8680910      72.6837260
