      9.4840000     126.9878160
      9.3767290     131.3805080
      9.5362080     135.8103070
      9.2629630     136.8428990
      9.3807290     127.5007550
      8.9799560     128.4054640
      8.6913340     132.9402200
      9.0149900     138.2393410
      9.2115670     130.5421360
      9.6938470     138.6156760
      9.5997840     129.8694440
      8.7341800     128.7333910
     10.0827410     138.3044010
      9.4113990     138.5394120
      9.3198770     137.2811840
      9.4880710     124.8728910
      9.3315290     133.9619780
      9.3698250     130.5111590
      9.0245300     137.8486490
      9.0196600     126.3083480
      9.1446630     125.1864170
     10.5355970     131.8142950
      9.2463680     135.8420720
      8.7459520     125.1774100
      8.3325800     123.7950190
      9.6310750     132.1114650
      9.3095250     136.6815360
      8.8585110     121.9072040
      8.9808970     130.3029950
      9.5923850     132.7562000
      8.9874930     130.8040080
      9.0982790     126.5661750
      9.4165160     128.7222040
      9.2152060     136.5783760
      9.1648900     131.5890590
      9.3987410     135.1283360
      9.2987100     131.3834800
      9.0087680     129.4347180
      9.0338340     128.6358280
      8.6931210     123.4377350
      8.8294870     121.1358470
      9.0600830     123.9011250
      8.6239870     122.8081460
      8.9103250     124.2266310
      8.9513510     131.7695080
      8.7693020     133.9092100
      8.8070770     129.3732060
      9.1487490     130.0988970
      9.0075440     134.8520870
      9.2966440     130.5083430
      9.5707970     134.7035280
      9.2530000     131.9517940
      9.2166070     135.5545300
      9.0211890     132.7949430
      9.4039640     127.0074750
      8.9360830     128.4296980
      9.0390520     121.1689720
      9.0421680     123.2194400
      8.7813930     120.6549620
      8.8967750     129.4733080
      9.1300620     134.9158430
      9.0740870     131.7408930
      9.0143730     132.4795610
      9.8980810     137.4769790
      9.0119660     133.5192630
      9.0122520     125.6635120
      9.1957890     133.9307570
      9.2053190     128.4555670
      8.6277410     125.9755070
      8.2870540     127.0119290
      8.8543210     127.6135370
      8.8678320     131.0735290
      9.0015910     129.2200760
      8.7684030     130.8872510
      9.8277810     132.1140010
      8.8341970     127.7762580
      8.8984310     126.6678640
      8.8943110     130.4408540
      9.4742950     120.4449750
      9.2831380     124.1195780
      8.9267000     127.5623190
      9.3393200     127.1645360
      8.5552030     119.7591720
      7.0875270     107.2870520
      6.7793240     109.6440790
      6.6504930      97.5490220
      7.1065750     108.5437680
      7.1821310     110.4844900
      8.5133480     125.3747520
      7.7075640     111.5565410
      7.2704800     113.9709550
      6.8071130     110.2034800
      8.3484700     118.6280420
      8.2944720     119.7928920
      9.3374930     130.3616390
      9.2975500     133.7235940
     10.4589720     137.1202310
      9.2866650     133.4188400
      9.2019580     131.7465230
      9.0793910     124.0174850
      9.6744220     137.2157800
      9.3390000     126.6944790
      9.7611530     131.7015720
      7.5687360     109.5998050
      7.2972010     111.6133420
      7.1561340     110.7717750
      7.3915250     111.9989320
      8.8253200     115.3659600
      6.7808540     103.8542020
      6.4714220     103.8085240
      6.8947530     100.3870420
      6.2307770     101.1092020
      5.8290470      99.8143900
      4.5028800      79.8173710
      4.7649280      78.4586670
      3.9995790      77.7112440
      3.9777110      79.8796320
      4.1164130      70.4980790
      4.4474390      82.4064570
      3.8715970      70.5047080
      3.8342830      71.3547580
      3.7501090      71.7750780
      3.7090440      74.4317650
      3.6488890      68.7053830
      3.5651830      69.8248230
      3.2253150      70.8850650
      3.4399530      73.4695780
      3.7100370      67.4691860
      3.5305500      77.0211990
      3.5973510      72.6858610
      3.2098040      70.6226070
      3.4396570      71.9526830
      3.4205910      72.4567920
      3.5951340      73.7588950
      3.5417810      72.0646680
      3.3289870      71.7199610
      3.3495340      67.4089870
      3.7649660      74.1602890
      3.5666080      75.8529120
      3.6981680      73.3107040
      3.5532020      72.8056710
      3.4701270      65.3928720
      3.8359870      61.2419470
      3.4533470      71.6050500
      3.7154120      69.3474270
      3.7488140      69.6781980
      3.6004320      65.1430850
      3.5404890      75.5408570
      3.8369300      71.1738550
      3.7837980      73.1817840
      3.4170220      70.3974840
      3.8026620      78.1414910
      3.6916480      72.8279900
      3.3334680      69.2332290
      3.6605160      72.3597700
      3.4624630      70.7749960
      3.9606280      73.4857970
      3.9269000      77.6960660
      4.1002850      75.0320800
      4.1943880      68.9085030
      3.8558970      74.6583630
      3.7509270      73.1600810
      3.4284460      73.4814280
      3.3170480      70.0485350
      3.7744430      71.3072420
      3.4214970      73.3540450
