         1       0.3303727
         2       0.3999089
         3       0.4398391
         4       0.5295681
         5       0.4617020
         6       0.6506491
         7       0.6372125
         8       0.5337433
         9       0.2291050
        10       0.2109618
        11       0.2052684
        12       0.1578987
        13       0.0835041
        14       0.0072876
        15       0.2035224
        16       0.3627875
        17       0.3711379
        18       0.5213695
        19       0.5215213
        20       0.3811584
        21       0.1882639
        22       0.0406893
        23       0.0790253
        24       0.0111592
        25       0.1018750
        26       0.0896531
        27       0.4153951
        28       0.4699006
        29       0.5490017
        30       0.4334624
        31       0.3933804
        32       0.0225461
        33       0.0003037
        34       0.0000000
        35       0.0224702
        36       0.0088818
        37       0.0746223
        38       0.3589160
        39       0.5351097
        40       0.6293935
        41       0.5890837
        42       0.5828589
        43       0.6146664
        44       0.5944735
        45       0.4099294
        46       0.4150915
        47       0.5616033
        48       0.3287786
        49       0.0691566
        50       0.2239429
        51       0.0154103
        52       0.0023533
        53       0.0792530
        54       0.0644500
        55       0.0143475
        56       0.1925150
        57       0.1736127
        58       0.1007364
        59       0.1112123
        60       0.1460563
        61       0.3631671
        62       0.0257345
        63       0.0006073
        64       0.0015183
        65       0.1101495
        66       0.0455477
        67       0.0598193
        68       0.0548850
        69       0.0519244
        70       0.1039247
        71       0.2212101
        72       0.3005390
        73       0.5042891
        74       0.2932513
        75       0.0913991
        76       0.0573901
        77       0.0000000
        78       0.0013664
        79       0.0083504
        80       0.0508616
        81       0.0035679
        82       0.0183709
        83       0.0547332
        84       0.0160176
        85       0.0000000
        86       0.0000000
        87       0.0000000
        88       0.0029606
        89       0.0055416
        90       0.0000000
        91       0.0035679
        92       0.0598193
        93       0.1944887
        94       0.3303727
        95       0.2950733
        96       0.2441357
        97       0.3522356
        98       0.4264784
        99       0.4274653
       100       0.4141046
       101       0.2914294
       102       0.4707356
       103       0.3518561
       104       0.1059743
       105       0.0778866
       106       0.2098231
       107       0.0016701
       108       0.0000000
       109       0.0149548
       110       0.0039475
       111       0.0000000
       112       0.0000000
       113       0.0264936
       114       0.0006073
       115       0.0000000
       116       0.0563273
       117       0.0781902
       118       0.0658164
       119       0.0685493
       120       0.1358840
       121       0.1137934
       122       0.0895772
       123       0.0654369
       124       0.0001518
       125       0.0000000
       126       0.0008350
       127       0.1665528
       128       0.0000000
       129       0.0002277
       130       0.0000000
       131       0.0371973
       132       0.0035679
       133       0.0000000
       134       0.0000000
       135       0.0000000
       136       0.0529113
       137       0.1564564
       138       0.2770060
       139       0.1532680
       140       0.0321870
       141       0.0000759
       142       0.0000000
       143       0.0000000
       144       0.0000000
       145       0.0001518
       146       0.0001518
       147       0.1408943
       148       0.1787748
       149       0.0018978
       150       0.1362636
       151       0.0976998
       152       0.0820618
       153       0.2707052
       154       0.3229333
       155       0.4872087
       156       0.4728612
       157       0.4269339
       158       0.6318986
       159       0.5848326
       160       0.4253397
       161       0.2897594
       162       0.3413801
       163       0.4620056
       164       0.4164579
       165       0.3729598
       166       0.3601306
       167       0.2224247
       168       0.0047825
       169       0.0017460
       170       0.0000759
       171       0.0000000
       172       0.0562514
       173       0.0904881
       174       0.0053898
       175       0.0086541
       176       0.1514461
       177       0.2053443
       178       0.2346466
       179       0.0679420
       180       0.0012146
       181       0.0093373
       182       0.0110833
       183       0.0050862
       184       0.0000000
       185       0.0000000
       186       0.0000000
       187       0.0000000
       188       0.0000000
       189       0.0000000
       190       0.0000000
       191       0.0000000
       192       0.0000000
       193       0.0000000
       194       0.0000759
       195       0.0003037
       196       0.0000759
       197       0.0003037
       198       0.1602520
       199       0.0868443
       200       0.0510134
       201       0.1991953
       202       0.1172094
       203       0.2011691
       204       0.6367570
       205       0.6663630
       206       0.6520155
       207       0.6416154
       208       0.3870037
       209       0.1011918
       210       0.1620739
       211       0.2817885
       212       0.2059516
       213       0.0107037
       214       0.1510666
       215       0.3813862
       216       0.1511425
       217       0.2787520
       218       0.3758445
       219       0.3143551
       220       0.4565399
       221       0.4481136
       222       0.7626205
       223       0.8019434
       224       0.5419419
       225       0.6120853
       226       0.6419191
       227       0.4683823
       228       0.2407197
       229       0.3488196
       230       0.4876642
       231       0.3958096
       232       0.2458817
       233       0.4147119
       234       0.6309876
       235       0.2957565
       236       0.0008350
       237       0.4403705
       238       0.6262051
       239       0.2587869
       240       0.1736886
       241       0.5684354
       242       0.2233356
       243       0.4550975
       244       0.1749791
       245       0.6880741
       246       0.6790405
       247       0.4992029
       248       0.4733925
       249       0.4586655
       250       0.0276323
       251       0.1667046
       252       0.4296667
       253       0.0573901
       254       0.0723449
       255       0.2150611
       256       0.1645791
       257       0.1076444
       258       0.2716162
       259       0.3290822
       260       0.2205268
       261       0.2805739
       262       0.4520610
       263       0.4815152
       264       0.4853868
       265       0.4558567
       266       0.4544143
       267       0.4030972
       268       0.3933804
       269       0.4604874
       270       0.5626661
       271       0.5495331
       272       0.5168147
       273       0.5930312
       274       0.5171943
