         1       0.4245955
         2       0.4530744
         3       0.3766990
         4       0.5291262
         5       0.5957929
         6       0.5407767
         7       0.5466019
         8       0.3834951
         9       0.3715210
        10       0.3012945
        11       0.2961165
        12       0.2116505
        13       0.0686084
        14       0.1724919
        15       0.2187702
        16       0.2229773
        17       0.2695793
        18       0.3896440
        19       0.3889968
        20       0.2598706
        21       0.2533981
        22       0.0511327
        23       0.0417476
        24       0.0103560
        25       0.2394822
        26       0.1867314
        27       0.1226537
        28       0.2255663
        29       0.3355987
        30       0.1983819
        31       0.0572816
        32       0.0025890
        33       0.0000000
        34       0.0000000
        35       0.0291262
        36       0.0116505
        37       0.0543689
        38       0.0783172
        39       0.3323625
        40       0.4100324
        41       0.3957929
        42       0.4592233
        43       0.5042071
        44       0.4294498
        45       0.3423948
        46       0.3042071
        47       0.3932039
        48       0.2297735
        49       0.0983819
        50       0.2333333
        51       0.0074434
        52       0.0022654
        53       0.0517799
        54       0.0508091
        55       0.0245955
        56       0.3611650
        57       0.4080906
        58       0.3278317
        59       0.3394822
        60       0.2996764
        61       0.2194175
        62       0.0401294
        63       0.0242718
        64       0.0038835
        65       0.1443366
        66       0.0375405
        67       0.0511327
        68       0.0423948
        69       0.0294498
        70       0.1213592
        71       0.2741100
        72       0.3614887
        73       0.4741100
        74       0.3754045
        75       0.0967638
        76       0.0430421
        77       0.0000000
        78       0.0012945
        79       0.0048544
        80       0.0074434
        81       0.0006472
        82       0.0055016
        83       0.0265372
        84       0.0058252
        85       0.0000000
        86       0.0000000
        87       0.0000000
        88       0.0019417
        89       0.0064725
        90       0.0000000
        91       0.0025890
        92       0.1077670
        93       0.2003236
        94       0.3990291
        95       0.2715210
        96       0.2352751
        97       0.4653722
        98       0.5210356
        99       0.4757282
       100       0.5262136
       101       0.3546926
       102       0.5708738
       103       0.4530744
       104       0.0754045
       105       0.1809061
       106       0.3935275
       107       0.0009709
       108       0.0000000
       109       0.0388350
       110       0.0016181
       111       0.0000000
       112       0.0000000
       113       0.0708738
       114       0.0003236
       115       0.0000000
       116       0.0440129
       117       0.1996764
       118       0.0504854
       119       0.0870550
       120       0.2320388
       121       0.2307443
       122       0.1644013
       123       0.0967638
       124       0.0003236
       125       0.0000000
       126       0.0000000
       127       0.0300971
       128       0.0000000
       129       0.0000000
       130       0.0000000
       131       0.0077670
       132       0.0000000
       133       0.0000000
       134       0.0000000
       135       0.0000000
       136       0.0294498
       137       0.1313916
       138       0.2666667
       139       0.1025890
       140       0.0171521
       141       0.0000000
       142       0.0000000
       143       0.0000000
       144       0.0000000
       145       0.0000000
       146       0.0000000
       147       0.0097087
       148       0.0469256
       149       0.0003236
       150       0.2427184
       151       0.1220065
       152       0.0699029
       153       0.3766990
       154       0.4656958
       155       0.5666667
       156       0.6100324
       157       0.5896440
       158       0.6275081
       159       0.6210356
       160       0.6080906
       161       0.4177994
       162       0.3388350
       163       0.2980583
       164       0.3012945
       165       0.2216828
       166       0.2116505
       167       0.1673139
       168       0.0087379
       169       0.0000000
       170       0.0000000
       171       0.0000000
       172       0.0229773
       173       0.0365696
       174       0.0093851
       175       0.0119741
       176       0.0734628
       177       0.2190939
       178       0.3297735
       179       0.1236246
       180       0.0084142
       181       0.0048544
       182       0.0087379
       183       0.0019417
       184       0.0000000
       185       0.0000000
       186       0.0000000
       187       0.0000000
       188       0.0000000
       189       0.0000000
       190       0.0000000
       191       0.0000000
       192       0.0000000
       193       0.0000000
       194       0.0035599
       195       0.0055016
       196       0.0000000
       197       0.0255663
       198       0.2527508
       199       0.1954693
       200       0.1291262
       201       0.2585761
       202       0.2064725
       203       0.3229773
       204       0.5440129
       205       0.5585761
       206       0.5585761
       207       0.5530744
       208       0.3071197
       209       0.1618123
       210       0.1644013
       211       0.3012945
       212       0.2333333
       213       0.0074434
       214       0.1977346
       215       0.5533981
       216       0.2469256
       217       0.3699029
       218       0.5022654
       219       0.3987055
       220       0.6258900
       221       0.6566343
       222       0.7970874
       223       0.8048544
       224       0.6877023
       225       0.7566343
       226       0.7038835
       227       0.5258900
       228       0.3032362
       229       0.1588997
       230       0.2948220
       231       0.1647249
       232       0.0132686
       233       0.1906149
       234       0.5184466
       235       0.0569579
       236       0.0016181
       237       0.3255663
       238       0.5517799
       239       0.0300971
       240       0.2475728
       241       0.4000000
       242       0.3320388
       243       0.5537217
       244       0.1233010
       245       0.6864078
       246       0.7508091
       247       0.2398058
       248       0.2119741
       249       0.1533981
       250       0.0161812
       251       0.1000000
       252       0.1783172
       253       0.0453074
       254       0.1957929
       255       0.3427184
       256       0.3355987
       257       0.2300971
       258       0.4482201
       259       0.5957929
       260       0.4582524
       261       0.5851133
       262       0.6980583
       263       0.6527508
       264       0.5255663
       265       0.6051780
       266       0.6624595
       267       0.5122977
       268       0.4527508
       269       0.6466019
       270       0.7572816
       271       0.7663430
       272       0.7618123
       273       0.8346278
       274       0.7501618
