         1       0.0490039
         2       0.0485459
         3       0.0487749
         4       0.1705977
         5       0.2670025
         6       0.2569270
         7       0.1646439
         8       0.2081520
         9       0.2344859
        10       0.2518892
        11       0.2670025
        12       0.2821159
        13       0.2594458
        14       0.0659492
        15       0.0739638
        16       0.0847264
        17       0.1160980
        18       0.3166934
        19       0.2603618
        20       0.0329746
        21       0.0389283
        22       0.0167163
        23       0.2047172
        24       0.0650332
        25       0.2067781
        26       0.0430501
        27       0.0050378
        28       0.0164873
        29       0.0382414
        30       0.0398443
        31       0.0217541
        32       0.0068697
        33       0.0011450
        34       0.0000000
        35       0.0034349
        36       0.0000000
        37       0.0776277
        38       0.0183192
        39       0.2198305
        40       0.5120220
        41       0.5097321
        42       0.4362262
        43       0.3881383
        44       0.3675292
        45       0.2860087
        46       0.2553240
        47       0.2125029
        48       0.0171743
        49       0.0293107
        50       0.0240440
        51       0.0006870
        52       0.0013739
        53       0.0318296
        54       0.0210671
        55       0.0034349
        56       0.0540417
        57       0.1073964
        58       0.0648042
        59       0.0400733
        60       0.0247309
        61       0.0105335
        62       0.0004580
        63       0.0002290
        64       0.0004580
        65       0.0011450
        66       0.0011450
        67       0.0041218
        68       0.0148844
        69       0.0416762
        70       0.1364781
        71       0.2340279
        72       0.3556217
        73       0.4401191
        74       0.4506526
        75       0.3824136
        76       0.1744905
        77       0.0002290
        78       0.0002290
        79       0.0006870
        80       0.0006870
        81       0.0006870
        82       0.0002290
        83       0.0002290
        84       0.0027479
        85       0.0043508
        86       0.0009160
        87       0.0000000
        88       0.0059537
        89       0.0338905
        90       0.0082436
        91       0.0075567
        92       0.0682391
        93       0.0803755
        94       0.0968628
        95       0.0567896
        96       0.0277078
        97       0.1735745
        98       0.0927410
        99       0.0057248
       100       0.0043508
       101       0.0000000
       102       0.0000000
       103       0.0000000
       104       0.0000000
       105       0.0000000
       106       0.0000000
       107       0.0000000
       108       0.0000000
       109       0.0000000
       110       0.0000000
       111       0.0000000
       112       0.0000000
       113       0.0139684
       114       0.0045798
       115       0.0000000
       116       0.0123655
       117       0.0277078
       118       0.0038928
       119       0.0032059
       120       0.1030456
       121       0.1174719
       122       0.0954889
       123       0.0263339
       124       0.0000000
       125       0.0000000
       126       0.0000000
       127       0.0000000
       128       0.0000000
       129       0.0000000
       130       0.0000000
       131       0.0000000
       132       0.0000000
       133       0.0000000
       134       0.0000000
       135       0.0000000
       136       0.0000000
       137       0.0002290
       138       0.0000000
       139       0.0000000
       140       0.0000000
       141       0.0000000
       142       0.0000000
       143       0.0000000
       144       0.0000000
       145       0.0000000
       146       0.0000000
       147       0.0000000
       148       0.0000000
       149       0.0000000
       150       0.0006870
       151       0.1351042
       152       0.1786123
       153       0.1960156
       154       0.3510419
       155       0.4151591
       156       0.5303412
       157       0.4371422
       158       0.4463018
       159       0.5351500
       160       0.5271353
       161       0.4460728
       162       0.3247080
       163       0.3389054
       164       0.3858484
       165       0.3368445
       166       0.3283719
       167       0.1909778
       168       0.0341195
       169       0.0000000
       170       0.0000000
       171       0.0000000
       172       0.0192352
       173       0.5823220
       174       0.2754752
       175       0.0208381
       176       0.7199450
       177       0.8156629
       178       0.6615526
       179       0.6512480
       180       0.2484543
       181       0.0487749
       182       0.0000000
       183       0.0000000
       184       0.0000000
       185       0.0000000
       186       0.0000000
       187       0.0000000
       188       0.0000000
       189       0.0000000
       190       0.0000000
       191       0.0000000
       192       0.0000000
       193       0.0000000
       194       0.0000000
       195       0.0000000
       196       0.0000000
       197       0.0000000
       198       0.0212961
       199       0.0160293
       200       0.0121365
       201       0.0483169
       202       0.0350355
       203       0.0032059
       204       0.0561026
       205       0.3013510
       206       0.4327914
       207       0.4497367
       208       0.5601099
       209       0.5985803
       210       0.6661324
       211       0.4302725
       212       0.1332723
       213       0.1568583
       214       0.4998855
       215       0.3336387
       216       0.0391573
       217       0.4472178
       218       0.6446073
       219       0.6207923
       220       0.5484314
       221       0.4762995
       222       0.4467598
       223       0.4604992
       224       0.4254637
       225       0.3757728
       226       0.4270666
       227       0.4130982
       228       0.1969315
       229       0.2099840
       230       0.3778338
       231       0.2635677
       232       0.0141974
       233       0.2931074
       234       0.2759331
       235       0.1442638
       236       0.1282345
       237       0.2944813
       238       0.2145638
       239       0.0000000
       240       0.0132814
       241       0.0519808
       242       0.1541104
       243       0.1602931
       244       0.0135104
       245       0.0322876
       246       0.0020609
       247       0.0000000
       248       0.0000000
       249       0.0000000
       250       0.0000000
       251       0.0116785
       252       0.0013739
       253       0.0000000
       254       0.0036638
       255       0.0091596
       256       0.0025189
       257       0.0000000
       258       0.0025189
       259       0.0025189
       260       0.0004580
       261       0.0050378
       262       0.0345775
       263       0.1804442
       264       0.3070758
       265       0.3460041
       266       0.3453172
       267       0.3714220
       268       0.2956263
       269       0.3755439
       270       0.2903595
       271       0.4650790
       272       0.4689718
       273       0.3634074
       274       0.3114266
