         1       0.3773967
         2       0.1520389
         3       0.1424521
         4       0.0780448
         5       0.0374021
         6       0.0827707
         7       0.0725088
         8       0.0517148
         9       0.0504996
        10       0.0102619
        11       0.0147178
        12       0.0149878
        13       0.0157980
        14       0.0058061
        15       0.0167432
        16       0.1045099
        17       0.2530381
        18       0.5313260
        19       0.3059681
        20       0.0822306
        21       0.0213341
        22       0.0000000
        23       0.0013503
        24       0.0058061
        25       0.0059411
        26       0.0521199
        27       0.0580610
        28       0.0837159
        29       0.0752093
        30       0.1101809
        31       0.0920875
        32       0.0282204
        33       0.0002701
        34       0.0000000
        35       0.0000000
        36       0.0000000
        37       0.0000000
        38       0.0081015
        39       0.2438563
        40       0.3078585
        41       0.4262760
        42       0.4993249
        43       0.3776668
        44       0.2046989
        45       0.1000540
        46       0.0987038
        47       0.0618417
        48       0.0261950
        49       0.0047259
        50       0.0106670
        51       0.0000000
        52       0.0216041
        53       0.2820686
        54       0.2200918
        55       0.2408858
        56       0.5792601
        57       0.6527140
        58       0.5298407
        59       0.6289495
        60       0.5032406
        61       0.1516338
        62       0.0001350
        63       0.0000000
        64       0.0002701
        65       0.0067513
        66       0.0055361
        67       0.0631920
        68       0.0650824
        69       0.0168782
        70       0.0274102
        71       0.0353767
        72       0.0460437
        73       0.0382123
        74       0.0332163
        75       0.0027005
        76       0.0000000
        77       0.0000000
        78       0.0000000
        79       0.0000000
        80       0.0016203
        81       0.0004051
        82       0.0021604
        83       0.0060762
        84       0.0032406
        85       0.0001350
        86       0.0000000
        87       0.0000000
        88       0.0078315
        89       0.0122873
        90       0.0074264
        91       0.0198488
        92       0.0496894
        93       0.0291655
        94       0.0507696
        95       0.0500945
        96       0.0410478
        97       0.0480691
        98       0.0534702
        99       0.0355117
       100       0.0307858
       101       0.0000000
       102       0.0000000
       103       0.0012152
       104       0.0000000
       105       0.0000000
       106       0.0000000
       107       0.0000000
       108       0.0000000
       109       0.0000000
       110       0.0000000
       111       0.0000000
       112       0.0000000
       113       0.0140427
       114       0.0005401
       115       0.0000000
       116       0.0171483
       117       0.3051580
       118       0.0263300
       119       0.0009452
       120       0.4761005
       121       0.5884418
       122       0.2545234
       123       0.0013503
       124       0.0000000
       125       0.0000000
       126       0.0000000
       127       0.0000000
       128       0.0000000
       129       0.0000000
       130       0.0001350
       131       0.0005401
       132       0.0000000
       133       0.0000000
       134       0.0000000
       135       0.0013503
       136       0.0028355
       137       0.0364569
       138       0.0538752
       139       0.0128274
       140       0.0028355
       141       0.0013503
       142       0.0001350
       143       0.0000000
       144       0.0000000
       145       0.0000000
       146       0.0000000
       147       0.0000000
       148       0.0000000
       149       0.0000000
       150       0.0000000
       151       0.0002701
       152       0.0012152
       153       0.0090467
       154       0.0144477
       155       0.0419930
       156       0.0710235
       157       0.1753983
       158       0.3934648
       159       0.4397786
       160       0.4010262
       161       0.5433432
       162       0.6159870
       163       0.6587902
       164       0.6824197
       165       0.6949770
       166       0.6082906
       167       0.3628139
       168       0.2312989
       169       0.0000000
       170       0.0000000
       171       0.0000000
       172       0.0727788
       173       0.0928977
       174       0.0896570
       175       0.1867405
       176       0.2819336
       177       0.1905212
       178       0.2010532
       179       0.1003241
       180       0.0000000
       181       0.0009452
       182       0.0001350
       183       0.0000000
       184       0.0000000
       185       0.0000000
       186       0.0000000
       187       0.0000000
       188       0.0000000
       189       0.0000000
       190       0.0000000
       191       0.0000000
       192       0.0000000
       193       0.0000000
       194       0.0000000
       195       0.0114772
       196       0.0000000
       197       0.0000000
       198       0.0652174
       199       0.0317310
       200       0.1951121
       201       0.5954631
       202       0.6790440
       203       0.5172833
       204       0.7002430
       205       0.8147448
       206       0.8062382
       207       0.7961113
       208       0.8826627
       209       0.9019714
       210       0.9012962
       211       0.7878747
       212       0.6679719
       213       0.1604105
       214       0.1034297
       215       0.0900621
       216       0.0129625
       217       0.0282204
       218       0.0260600
       219       0.0305158
       220       0.0613016
       221       0.0468539
       222       0.0914124
       223       0.1203079
       224       0.1027545
       225       0.1016743
       226       0.1035647
       227       0.0980286
       228       0.0739941
       229       0.0568458
       230       0.0707534
       231       0.0031056
       232       0.0000000
       233       0.0081015
       234       0.0036457
       235       0.0004051
       236       0.0000000
       237       0.0001350
       238       0.0017553
       239       0.0000000
       240       0.0000000
       241       0.0004051
       242       0.0014853
       243       0.0017553
       244       0.0008102
       245       0.0035107
       246       0.0036457
       247       0.0006751
       248       0.0006751
       249       0.0006751
       250       0.0000000
       251       0.0268701
       252       0.0009452
       253       0.0000000
       254       0.0005401
       255       0.0020254
       256       0.0001350
       257       0.0000000
       258       0.0000000
       259       0.0000000
       260       0.0000000
       261       0.0000000
       262       0.0025655
       263       0.0108021
       264       0.0137726
       265       0.0371321
       266       0.0494194
       267       0.0783149
       268       0.0672428
       269       0.0808804
       270       0.0649473
       271       0.0604915
       272       0.0911423
       273       0.1227383
       274       0.1054550
