         1       0.5354490
         2       0.5391627
         3       0.5398379
         4       0.5482782
         5       0.5567184
         6       0.5557056
         7       0.5074274
         8       0.3534774
         9       0.3365969
        10       0.2771776
        11       0.2153950
        12       0.1826469
        13       0.1296421
        14       0.0503038
        15       0.0327481
        16       0.0297097
        17       0.1340311
        18       0.5759622
        19       0.5378123
        20       0.0101283
        21       0.0189061
        22       0.0108035
        23       0.0844024
        24       0.0415260
        25       0.0989196
        26       0.0918298
        27       0.5270088
        28       0.5489534
        29       0.3862255
        30       0.4672519
        31       0.5300473
        32       0.3345712
        33       0.1873734
        34       0.0000000
        35       0.0266712
        36       0.0013504
        37       0.0948683
        38       0.0273464
        39       0.2096556
        40       0.6414585
        41       0.6444970
        42       0.6181634
        43       0.6033086
        44       0.6127616
        45       0.6634031
        46       0.6333558
        47       0.5330858
        48       0.2677245
        49       0.1218771
        50       0.2049291
        51       0.0000000
        52       0.0000000
        53       0.0725861
        54       0.0016880
        55       0.0000000
        56       0.1738690
        57       0.0523295
        58       0.0222822
        59       0.2339635
        60       0.2076300
        61       0.4260635
        62       0.0641458
        63       0.0259959
        64       0.1482107
        65       0.3960162
        66       0.3112762
        67       0.4939230
        68       0.3912897
        69       0.2532073
        70       0.4706280
        71       0.4422687
        72       0.6775827
        73       0.6259284
        74       0.5803511
        75       0.4918974
        76       0.2609723
        77       0.1471978
        78       0.1262660
        79       0.1313302
        80       0.3845375
        81       0.1468602
        82       0.1130993
        83       0.0975692
        84       0.0087779
        85       0.0101283
        86       0.0016880
        87       0.0000000
        88       0.0101283
        89       0.0445645
        90       0.0104659
        91       0.0104659
        92       0.0584065
        93       0.1313302
        94       0.1762323
        95       0.1306550
        96       0.1235652
        97       0.2204591
        98       0.1728562
        99       0.0968940
       100       0.0958812
       101       0.0057394
       102       0.0020257
       103       0.0101283
       104       0.0000000
       105       0.0000000
       106       0.0000000
       107       0.0000000
       108       0.0000000
       109       0.0000000
       110       0.0000000
       111       0.0000000
       112       0.0000000
       113       0.0000000
       114       0.0000000
       115       0.0000000
       116       0.0000000
       117       0.0030385
       118       0.0003376
       119       0.0016880
       120       0.0340986
       121       0.0560432
       122       0.0486158
       123       0.0010128
       124       0.0000000
       125       0.0000000
       126       0.0000000
       127       0.0000000
       128       0.0000000
       129       0.0000000
       130       0.0000000
       131       0.0013504
       132       0.0000000
       133       0.0000000
       134       0.0000000
       135       0.0000000
       136       0.0965564
       137       0.0979068
       138       0.0965564
       139       0.0681972
       140       0.0945307
       141       0.0033761
       142       0.0003376
       143       0.0000000
       144       0.0000000
       145       0.0000000
       146       0.0000000
       147       0.0000000
       148       0.0337610
       149       0.0000000
       150       0.0145172
       151       0.0489534
       152       0.0469278
       153       0.0546928
       154       0.1242404
       155       0.1441594
       156       0.3109386
       157       0.2751519
       158       0.3362593
       159       0.6934504
       160       0.6981769
       161       0.6205267
       162       0.5067522
       163       0.6046590
       164       0.6235652
       165       0.5968940
       166       0.5617826
       167       0.1772451
       168       0.0057394
       169       0.0000000
       170       0.0000000
       171       0.0000000
       172       0.0023633
       173       0.3474004
       174       0.1951384
       175       0.3524646
       176       0.7336259
       177       0.6623903
       178       0.7336259
       179       0.3703579
       180       0.1387576
       181       0.0175557
       182       0.0000000
       183       0.0000000
       184       0.0000000
       185       0.0000000
       186       0.0000000
       187       0.0000000
       188       0.0000000
       189       0.0000000
       190       0.0000000
       191       0.0000000
       192       0.0000000
       193       0.0000000
       194       0.0000000
       195       0.0000000
       196       0.0000000
       197       0.0006752
       198       0.0422012
       199       0.0219446
       200       0.0151924
       201       0.0438893
       202       0.0172181
       203       0.0013504
       204       0.0118163
       205       0.0952059
       206       0.1417961
       207       0.1465226
       208       0.2842674
       209       0.4264011
       210       0.6185010
       211       0.2025658
       212       0.0762998
       213       0.0968940
       214       0.2616475
       215       0.1363943
       216       0.0276840
       217       0.2440918
       218       0.3264686
       219       0.3264686
       220       0.2559082
       221       0.2251857
       222       0.2103309
       223       0.2251857
       224       0.2994598
       225       0.2646860
       226       0.3038488
       227       0.2923700
       228       0.2153950
       229       0.1725186
       230       0.2552330
       231       0.1796084
       232       0.0611074
       233       0.1961512
       234       0.1093856
       235       0.0432140
       236       0.0438893
       237       0.1279541
       238       0.0766374
       239       0.0000000
       240       0.0013504
       241       0.0145172
       242       0.0921675
       243       0.0769750
       244       0.0064146
       245       0.0202566
       246       0.0040513
       247       0.0000000
       248       0.0003376
       249       0.0000000
       250       0.0000000
       251       0.0128292
       252       0.0259959
       253       0.0050641
       254       0.0135044
       255       0.0300473
       256       0.0290344
       257       0.0023633
       258       0.0246455
       259       0.0290344
       260       0.0027009
       261       0.0074274
       262       0.0513167
       263       0.0928427
       264       0.1279541
       265       0.1640783
       266       0.2174207
       267       0.2089804
       268       0.2042539
       269       0.2694126
       270       0.2579338
       271       0.3362593
       272       0.3419986
       273       0.2886563
       274       0.2673869
