         1       0.5148801
         2       0.2034094
         3       0.2086102
         4       0.1684484
         5       0.1149957
         6       0.1684484
         7       0.1170182
         8       0.0569200
         9       0.0598093
        10       0.0005779
        11       0.0075123
        12       0.0089569
        13       0.0265819
        14       0.0037561
        15       0.0060676
        16       0.0346721
        17       0.0450737
        18       0.1251084
        19       0.0722335
        20       0.0277376
        21       0.0043340
        22       0.0000000
        23       0.0000000
        24       0.0002889
        25       0.0054897
        26       0.0673216
        27       0.0681884
        28       0.0728113
        29       0.0696331
        30       0.0800347
        31       0.0748339
        32       0.0482520
        33       0.0000000
        34       0.0000000
        35       0.0000000
        36       0.0000000
        37       0.0000000
        38       0.0395839
        39       0.1794279
        40       0.2516614
        41       0.2993355
        42       0.3649234
        43       0.3074256
        44       0.2840220
        45       0.2117885
        46       0.1990754
        47       0.1421554
        48       0.0806125
        49       0.0361167
        50       0.0624097
        51       0.0000000
        52       0.0095348
        53       0.3889049
        54       0.3238948
        55       0.3285178
        56       0.4513146
        57       0.4498700
        58       0.3368969
        59       0.4114418
        60       0.2239237
        61       0.0118463
        62       0.0005779
        63       0.0000000
        64       0.0000000
        65       0.0002889
        66       0.0028893
        67       0.0707888
        68       0.0794568
        69       0.0228258
        70       0.0728113
        71       0.1418665
        72       0.1759607
        73       0.1473563
        74       0.1424444
        75       0.0421843
        76       0.0000000
        77       0.0000000
        78       0.0000000
        79       0.0000000
        80       0.0000000
        81       0.0000000
        82       0.0000000
        83       0.0034672
        84       0.0037561
        85       0.0000000
        86       0.0000000
        87       0.0000000
        88       0.0028893
        89       0.0011557
        90       0.0000000
        91       0.0060676
        92       0.0225368
        93       0.0392950
        94       0.1129731
        95       0.1135510
        96       0.1002600
        97       0.1086391
        98       0.1201965
        99       0.1054608
       100       0.1014158
       101       0.0000000
       102       0.0026004
       103       0.0040451
       104       0.0000000
       105       0.0000000
       106       0.0000000
       107       0.0000000
       108       0.0000000
       109       0.0000000
       110       0.0000000
       111       0.0000000
       112       0.0000000
       113       0.0060676
       114       0.0005779
       115       0.0000000
       116       0.0020225
       117       0.0286044
       118       0.0109795
       119       0.0046229
       120       0.2814216
       121       0.4117307
       122       0.0366946
       123       0.0034672
       124       0.0000000
       125       0.0000000
       126       0.0000000
       127       0.0000000
       128       0.0000000
       129       0.0000000
       130       0.0000000
       131       0.0002889
       132       0.0000000
       133       0.0000000
       134       0.0000000
       135       0.0000000
       136       0.0000000
       137       0.0364057
       138       0.0751228
       139       0.0335163
       140       0.0000000
       141       0.0000000
       142       0.0000000
       143       0.0000000
       144       0.0000000
       145       0.0000000
       146       0.0000000
       147       0.0000000
       148       0.0000000
       149       0.0000000
       150       0.0005779
       151       0.0014447
       152       0.0000000
       153       0.0008668
       154       0.0011557
       155       0.0309159
       156       0.1103727
       157       0.1785611
       158       0.2363479
       159       0.3322739
       160       0.4030627
       161       0.4149090
       162       0.4394684
       163       0.4045074
       164       0.4322450
       165       0.3741693
       166       0.3178272
       167       0.2380815
       168       0.0933256
       169       0.0000000
       170       0.0000000
       171       0.0000000
       172       0.0913031
       173       0.1045940
       174       0.1360878
       175       0.2921121
       176       0.3377637
       177       0.2961572
       178       0.3259174
       179       0.0736781
       180       0.0000000
       181       0.0000000
       182       0.0000000
       183       0.0000000
       184       0.0000000
       185       0.0000000
       186       0.0000000
       187       0.0000000
       188       0.0000000
       189       0.0000000
       190       0.0000000
       191       0.0000000
       192       0.0000000
       193       0.0000000
       194       0.0000000
       195       0.0089569
       196       0.0000000
       197       0.0000000
       198       0.0788789
       199       0.0156024
       200       0.1381104
       201       0.4568044
       202       0.4657613
       203       0.4614273
       204       0.5174805
       205       0.5865357
       206       0.5949148
       207       0.5952037
       208       0.6879515
       209       0.7182895
       210       0.7815660
       211       0.5755562
       212       0.5735337
       213       0.2779543
       214       0.1999422
       215       0.0993932
       216       0.0251372
       217       0.0759896
       218       0.0780121
       219       0.0774343
       220       0.0996822
       221       0.0927478
       222       0.1646923
       223       0.2117885
       224       0.1733603
       225       0.1733603
       226       0.1698931
       227       0.1606472
       228       0.1542907
       229       0.1577579
       230       0.1586247
       231       0.0072233
       232       0.0000000
       233       0.0416065
       234       0.0005779
       235       0.0000000
       236       0.0000000
       237       0.0000000
       238       0.0005779
       239       0.0000000
       240       0.0000000
       241       0.0000000
       242       0.0046229
       243       0.0060676
       244       0.0000000
       245       0.0002889
       246       0.0008668
       247       0.0000000
       248       0.0000000
       249       0.0000000
       250       0.0000000
       251       0.0028893
       252       0.0002889
       253       0.0000000
       254       0.0037561
       255       0.0043340
       256       0.0000000
       257       0.0000000
       258       0.0011557
       259       0.0000000
       260       0.0000000
       261       0.0020225
       262       0.0026004
       263       0.0020225
       264       0.0005779
       265       0.1115285
       266       0.1074834
       267       0.1594915
       268       0.1577579
       269       0.1655591
       270       0.1644034
       271       0.1279977
       272       0.1909853
       273       0.1704710
       274       0.1066166
